5
5
0 1 2 3 4
1 0 2 3 4
2 2 0 4 1
3 3 4 0 1
4 4 1 1 0
3
1 2 5
5 3 1
3
0 1 4
1 0 1
4 1 0
2
1 2
2 3
5
0 2 2 2 3
2 0 4 2 2
2 4 0 5 6
2 2 5 0 5
3 2 6 5 0
5
1 4 4 3 3
1 4 1 2 2
11
0 13 5 7 10 13 15 9 13 13 17
13 0 5 7 2 2 19 19 5 12 18
5 5 0 12 11 9 10 7 5 5 2
7 7 12 0 5 12 18 9 13 8 12
10 2 11 5 0 9 2 7 3 9 18
13 2 9 12 9 0 18 12 17 2 14
15 19 10 18 2 18 0 17 4 3 2
9 19 7 9 7 12 17 0 9 17 2
13 5 5 13 3 17 4 9 0 18 17
13 12 5 8 9 2 3 17 18 0 13
17 18 2 12 18 14 2 2 17 13 0
9
7 1 1 1 6 8 7 6 8
8 3 3 2 5 5 2 6 9
21
0 46 48 87 56 64 7 47 22 46 10 73 86 19 76 30 36 96 2 26 27
46 0 87 10 90 33 80 72 48 27 49 51 95 64 8 61 44 22 3 44 90
48 87 0 58 36 27 31 89 5 84 7 73 3 17 11 37 56 67 32 52 82
87 10 58 0 79 84 53 57 41 77 91 67 11 83 40 3 23 72 25 65 2
56 90 36 79 0 97 11 7 55 67 20 52 19 99 7 94 60 55 92 10 33
64 33 27 84 97 0 10 25 87 67 68 25 80 56 58 60 54 90 90 58 83
7 80 31 53 11 10 0 4 46 29 57 23 9 21 77 58 85 80 70 59 32
47 72 89 57 7 25 4 0 36 75 83 3 46 32 41 21 70 44 84 8 36
22 48 5 41 55 87 46 36 0 91 53 99 53 86 76 51 23 48 4 2 9
46 27 84 77 67 67 29 75 91 0 56 51 50 59 15 89 8 91 73 3 89
10 49 7 91 20 68 57 83 53 56 0 70 51 83 89 23 55 73 54 82 49
73 51 73 67 52 25 23 3 99 51 70 0 48 4 32 70 40 36 80 52 25
86 95 3 11 19 80 9 46 53 50 51 48 0 22 14 54 75 75 79 73 33
19 64 17 83 99 56 21 32 86 59 83 4 22 0 35 28 88 49 35 44 86
76 8 11 40 7 58 77 41 76 15 89 32 14 35 0 46 45 23 92 23 89
30 61 37 3 94 60 58 21 51 89 23 70 54 28 46 0 94 57 93 93 24
36 44 56 23 60 54 85 70 23 8 55 40 75 88 45 94 0 68 46 55 87
96 22 67 72 55 90 80 44 48 91 73 36 75 49 23 57 68 0 77 29 2
2 3 32 25 92 90 70 84 4 73 54 80 79 35 92 93 46 77 0 6 4
26 44 52 65 10 58 59 8 2 3 82 52 73 44 23 93 55 29 6 0 45
27 90 82 2 33 83 32 36 9 89 49 25 33 86 89 24 87 2 4 45 0
8
11 13 7 6 19 1 5 9
15 7 20 3 3 16 14 19
