52
5
0 1 2 3 4
1 0 2 3 4
2 2 0 4 1
3 3 4 0 1
4 4 1 1 0
3
1 2 5
5 3 1
3
0 1 4
1 0 1
4 1 0
2
1 2
2 3
5
0 2 2 2 3
2 0 4 2 2
2 4 0 5 6
2 2 5 0 5
3 2 6 5 0
5
1 4 4 3 3
1 4 1 2 2
5
0 9 6 9 6
9 0 8 3 9
6 8 0 6 2
9 3 6 0 8
6 9 2 8 0
5
4 1 4 4 1
2 1 2 3 3
5
0 8 2 6 3
8 0 6 8 3
2 6 0 5 6
6 8 5 0 4
3 3 6 4 0
5
3 2 4 2 3
2 3 3 1 4
5
0 8 8 2 9
8 0 4 2 4
8 4 0 2 7
2 2 2 0 8
9 4 7 8 0
5
2 3 3 3 3
4 3 4 2 2
5
0 3 2 8 8
3 0 9 9 3
2 9 0 7 3
8 9 7 0 2
8 3 3 2 0
5
1 1 3 2 1
2 4 2 2 4
5
0 6 7 4 8
6 0 5 3 5
7 5 0 7 9
4 3 7 0 8
8 5 9 8 0
5
2 4 1 4 1
4 3 4 1 3
5
0 9 8 4 9
9 0 9 5 3
8 9 0 5 5
4 5 5 0 2
9 3 5 2 0
5
3 4 1 3 4
2 4 2 4 4
5
0 4 6 7 9
4 0 8 8 2
6 8 0 8 3
7 8 8 0 2
9 2 3 2 0
5
2 2 2 2 1
2 2 1 1 1
5
0 3 6 5 9
3 0 8 2 2
6 8 0 6 4
5 2 6 0 5
9 2 4 5 0
5
3 3 1 4 2
3 1 4 1 1
5
0 2 3 9 7
2 0 8 7 4
3 8 0 7 8
9 7 7 0 7
7 4 8 7 0
5
3 2 3 2 4
4 2 1 3 3
11
0 13 5 7 10 13 15 9 13 13 17
13 0 5 7 2 2 19 19 5 12 18
5 5 0 12 11 9 10 7 5 5 2
7 7 12 0 5 12 18 9 13 8 12
10 2 11 5 0 9 2 7 3 9 18
13 2 9 12 9 0 18 12 17 2 14
15 19 10 18 2 18 0 17 4 3 2
9 19 7 9 7 12 17 0 9 17 2
13 5 5 13 3 17 4 9 0 18 17
13 12 5 8 9 2 3 17 18 0 13
17 18 2 12 18 14 2 2 17 13 0
9
7 1 1 1 6 8 7 6 8
8 3 3 2 5 5 2 6 9
11
0 2 16 19 2 18 3 2 5 6 10
2 0 13 4 10 13 11 8 9 14 15
16 13 0 7 3 18 15 6 13 8 2
19 4 7 0 17 2 3 9 10 11 19
2 10 3 17 0 12 18 15 14 19 2
18 13 18 2 12 0 6 2 3 4 4
3 11 15 3 18 6 0 15 18 4 12
2 8 6 9 15 2 15 0 4 12 3
5 9 13 10 14 3 18 4 0 6 9
6 14 8 11 19 4 4 12 6 0 19
10 15 2 19 2 4 12 3 9 19 0
9
4 1 10 8 9 5 9 1 3
5 10 6 6 5 5 8 4 5
11
0 3 4 14 5 18 15 7 4 16 9
3 0 12 19 11 18 15 6 10 6 19
4 12 0 2 18 18 3 11 3 16 17
14 19 2 0 3 17 2 5 10 13 18
5 11 18 3 0 3 12 11 13 18 15
18 18 18 17 3 0 14 16 6 15 15
15 15 3 2 12 14 0 11 10 9 3
7 6 11 5 11 16 11 0 11 11 15
4 10 3 10 13 6 10 11 0 4 2
16 6 16 13 18 15 9 11 4 0 15
9 19 17 18 15 15 3 15 2 15 0
9
2 10 1 2 9 8 3 6 3
9 4 1 10 5 9 3 5 6
11
0 17 5 18 2 9 2 3 11 12 4
17 0 2 11 15 10 8 2 8 18 11
5 2 0 17 18 2 7 6 14 3 15
18 11 17 0 6 9 12 11 15 14 16
2 15 18 6 0 15 11 16 3 12 17
9 10 2 9 15 0 11 16 4 14 2
2 8 7 12 11 11 0 2 7 14 7
3 2 6 11 16 16 2 0 9 6 4
11 8 14 15 3 4 7 9 0 4 3
12 18 3 14 12 14 14 6 4 0 9
4 11 15 16 17 2 7 4 3 9 0
9
9 3 2 1 3 4 8 5 7
6 4 2 4 8 8 8 2 6
11
0 14 17 12 8 11 19 18 15 14 8
14 0 8 14 13 9 2 9 14 5 3
17 8 0 13 2 5 5 8 9 7 11
12 14 13 0 16 9 15 14 13 4 15
8 13 2 16 0 5 2 5 5 5 11
11 9 5 9 5 0 7 18 9 3 4
19 2 5 15 2 7 0 11 13 17 19
18 9 8 14 5 18 11 0 8 8 14
15 14 9 13 5 9 13 8 0 2 4
14 5 7 4 5 3 17 8 2 0 6
8 3 11 15 11 4 19 14 4 6 0
9
10 9 7 7 9 6 6 7 5
8 3 4 1 2 5 3 10 4
11
0 6 5 17 17 10 5 15 3 5 6
6 0 4 6 16 3 6 17 5 13 13
5 4 0 16 8 13 6 2 16 9 9
17 6 16 0 15 16 10 14 8 2 9
17 16 8 15 0 18 13 17 15 12 17
10 3 13 16 18 0 9 6 12 3 10
5 6 6 10 13 9 0 17 14 3 14
15 17 2 14 17 6 17 0 2 9 15
3 5 16 8 15 12 14 2 0 6 8
5 13 9 2 12 3 3 9 6 0 7
6 13 9 9 17 10 14 15 8 7 0
9
3 7 6 1 5 2 3 7 10
1 1 1 10 1 8 6 5 10
11
0 10 14 14 11 12 11 12 8 18 6
10 0 9 12 7 16 6 6 10 3 3
14 9 0 6 13 14 6 16 4 9 16
14 12 6 0 4 9 14 2 11 11 18
11 7 13 4 0 9 17 17 13 17 18
12 16 14 9 9 0 4 3 14 4 18
11 6 6 14 17 4 0 7 3 12 5
12 6 16 2 17 3 7 0 14 7 16
8 10 4 11 13 14 3 14 0 17 15
18 3 9 11 17 4 12 7 17 0 12
6 3 16 18 18 18 5 16 15 12 0
9
9 9 7 1 7 9 10 5 2
10 9 2 9 7 6 10 4 8
11
0 5 9 17 2 6 11 13 15 13 16
5 0 4 17 15 17 10 15 7 7 5
9 4 0 7 10 7 9 12 9 17 2
17 17 7 0 2 15 9 10 11 19 10
2 15 10 2 0 19 8 10 2 7 17
6 17 7 15 19 0 19 14 6 5 17
11 10 9 9 8 19 0 14 5 17 5
13 15 12 10 10 14 14 0 3 18 7
15 7 9 11 2 6 5 3 0 5 7
13 7 17 19 7 5 17 18 5 0 19
16 5 2 10 17 17 5 7 7 19 0
9
3 9 5 5 8 6 4 4 1
9 4 9 3 7 8 3 2 4
11
0 13 5 9 9 3 17 13 7 3 18
13 0 18 9 5 14 7 7 13 11 12
5 18 0 15 3 19 15 3 19 3 3
9 9 15 0 9 8 14 18 7 18 5
9 5 3 9 0 2 8 19 14 10 8
3 14 19 8 2 0 16 12 18 14 18
17 7 15 14 8 16 0 18 13 8 3
13 7 3 18 19 12 18 0 16 13 10
7 13 19 7 14 18 13 16 0 15 7
3 11 3 18 10 14 8 13 15 0 13
18 12 3 5 8 18 3 10 7 13 0
9
6 8 7 3 3 6 6 10 10
5 5 1 5 6 1 5 8 3
11
0 8 19 3 4 5 14 5 15 3 19
8 0 7 14 11 18 18 4 14 16 15
19 7 0 19 16 16 14 13 6 4 12
3 14 19 0 8 5 19 12 15 19 13
4 11 16 8 0 3 3 17 12 12 6
5 18 16 5 3 0 12 16 12 15 7
14 18 14 19 3 12 0 18 10 4 4
5 4 13 12 17 16 18 0 15 16 19
15 14 6 15 12 12 10 15 0 2 3
3 16 4 19 12 15 4 16 2 0 15
19 15 12 13 6 7 4 19 3 15 0
9
6 10 1 3 10 4 8 10 3
5 2 6 10 9 4 5 6 4
21
0 46 48 87 56 64 7 47 22 46 10 73 86 19 76 30 36 96 2 26 27
46 0 87 10 90 33 80 72 48 27 49 51 95 64 8 61 44 22 3 44 90
48 87 0 58 36 27 31 89 5 84 7 73 3 17 11 37 56 67 32 52 82
87 10 58 0 79 84 53 57 41 77 91 67 11 83 40 3 23 72 25 65 2
56 90 36 79 0 97 11 7 55 67 20 52 19 99 7 94 60 55 92 10 33
64 33 27 84 97 0 10 25 87 67 68 25 80 56 58 60 54 90 90 58 83
7 80 31 53 11 10 0 4 46 29 57 23 9 21 77 58 85 80 70 59 32
47 72 89 57 7 25 4 0 36 75 83 3 46 32 41 21 70 44 84 8 36
22 48 5 41 55 87 46 36 0 91 53 99 53 86 76 51 23 48 4 2 9
46 27 84 77 67 67 29 75 91 0 56 51 50 59 15 89 8 91 73 3 89
10 49 7 91 20 68 57 83 53 56 0 70 51 83 89 23 55 73 54 82 49
73 51 73 67 52 25 23 3 99 51 70 0 48 4 32 70 40 36 80 52 25
86 95 3 11 19 80 9 46 53 50 51 48 0 22 14 54 75 75 79 73 33
19 64 17 83 99 56 21 32 86 59 83 4 22 0 35 28 88 49 35 44 86
76 8 11 40 7 58 77 41 76 15 89 32 14 35 0 46 45 23 92 23 89
30 61 37 3 94 60 58 21 51 89 23 70 54 28 46 0 94 57 93 93 24
36 44 56 23 60 54 85 70 23 8 55 40 75 88 45 94 0 68 46 55 87
96 22 67 72 55 90 80 44 48 91 73 36 75 49 23 57 68 0 77 29 2
2 3 32 25 92 90 70 84 4 73 54 80 79 35 92 93 46 77 0 6 4
26 44 52 65 10 58 59 8 2 3 82 52 73 44 23 93 55 29 6 0 45
27 90 82 2 33 83 32 36 9 89 49 25 33 86 89 24 87 2 4 45 0
8
11 13 7 6 19 1 5 9
15 7 20 3 3 16 14 19
21
0 60 45 52 43 9 88 20 67 62 11 63 2 38 84 89 18 25 4 58 85
60 0 39 94 69 82 70 91 5 64 36 52 97 91 45 45 35 3 27 52 26
45 39 0 46 14 46 12 76 32 11 70 88 51 88 39 33 15 62 11 29 41
52 94 46 0 3 49 40 31 25 41 86 51 90 29 64 88 91 33 67 57 82
43 69 14 3 0 65 68 83 68 5 9 2 95 26 48 24 63 54 76 74 59
9 82 46 49 65 0 66 47 89 8 70 47 81 66 88 98 52 26 8 97 64
88 70 12 40 68 66 0 18 17 76 15 82 12 86 55 15 72 14 59 21 98
20 91 76 31 83 47 18 0 87 21 43 84 76 92 32 98 10 31 37 19 67
67 5 32 25 68 89 17 87 0 69 55 35 49 40 80 65 16 49 68 39 28
62 64 11 41 5 8 76 21 69 0 59 21 87 2 71 63 42 81 95 10 16
11 36 70 86 9 70 15 43 55 59 0 64 22 8 38 5 49 91 34 87 8
63 52 88 51 2 47 82 84 35 21 64 0 13 5 99 69 31 6 24 20 19
2 97 51 90 95 81 12 76 49 87 22 13 0 70 45 62 4 74 40 12 86
38 91 88 29 26 66 86 92 40 2 8 5 70 0 99 20 40 86 81 52 13
84 45 39 64 48 88 55 32 80 71 38 99 45 99 0 34 22 73 35 86 28
89 45 33 88 24 98 15 98 65 63 5 69 62 20 34 0 18 80 56 32 51
18 35 15 91 63 52 72 10 16 42 49 31 4 40 22 18 0 62 44 63 93
25 3 62 33 54 26 14 31 49 81 91 6 74 86 73 80 62 0 38 49 30
4 27 11 67 76 8 59 37 68 95 34 24 40 81 35 56 44 38 0 14 26
58 52 29 57 74 97 21 19 39 10 87 20 12 52 86 32 63 49 14 0 30
85 26 41 82 59 64 98 67 28 16 8 19 86 13 28 51 93 30 26 30 0
8
18 5 3 1 19 5 19 19
9 1 1 19 11 12 1 7
21
0 92 6 37 82 64 38 18 79 61 80 82 58 29 91 7 71 79 10 41 18
92 0 22 9 23 44 56 13 39 96 17 85 62 74 43 44 45 76 9 68 84
6 22 0 42 37 34 54 58 17 92 12 60 55 52 88 71 34 32 80 85 15
37 9 42 0 79 28 6 25 16 95 32 81 97 44 71 54 27 60 6 81 6
82 23 37 79 0 48 18 68 17 33 8 27 26 39 31 59 65 2 32 47 62
64 44 34 28 48 0 92 7 17 91 31 24 82 34 90 67 30 98 66 58 46
38 56 54 6 18 92 0 82 96 70 71 34 47 56 74 82 57 45 29 89 20
18 13 58 25 68 7 82 0 18 93 97 78 75 88 54 6 43 13 22 66 46
79 39 17 16 17 17 96 18 0 30 69 70 92 51 99 30 44 63 37 97 96
61 96 92 95 33 91 70 93 30 0 97 5 76 34 98 96 57 44 20 18 12
80 17 12 32 8 31 71 97 69 97 0 77 99 49 53 39 60 41 87 42 90
82 85 60 81 27 24 34 78 70 5 77 0 27 88 16 74 69 95 52 53 28
58 62 55 97 26 82 47 75 92 76 99 27 0 44 11 88 83 98 51 25 28
29 74 52 44 39 34 56 88 51 34 49 88 44 0 7 62 24 12 57 62 83
91 43 88 71 31 90 74 54 99 98 53 16 11 7 0 10 61 28 21 61 75
7 44 71 54 59 67 82 6 30 96 39 74 88 62 10 0 19 39 51 26 10
71 45 34 27 65 30 57 43 44 57 60 69 83 24 61 19 0 40 93 9 99
79 76 32 60 2 98 45 13 63 44 41 95 98 12 28 39 40 0 98 89 90
10 9 80 6 32 66 29 22 37 20 87 52 51 57 21 51 93 98 0 82 80
41 68 85 81 47 58 89 66 97 18 42 53 25 62 61 26 9 89 82 0 4
18 84 15 6 62 46 20 46 96 12 90 28 28 83 75 10 99 90 80 4 0
8
18 18 11 2 17 7 18 19
3 20 9 5 10 5 16 5
21
0 18 91 74 14 2 15 81 97 58 60 81 87 82 39 26 41 71 31 57 25
18 0 4 30 10 25 9 93 67 83 28 83 31 85 4 67 46 46 15 56 20
91 4 0 43 41 65 14 51 85 51 52 76 64 84 9 8 82 20 75 16 12
74 30 43 0 78 98 15 72 5 44 98 51 23 43 32 90 99 92 57 53 59
14 10 41 78 0 53 84 24 71 42 25 72 38 70 39 94 86 32 10 80 46
2 25 65 98 53 0 51 82 84 97 26 19 93 94 87 62 70 47 18 55 9
15 9 14 15 84 51 0 72 63 71 13 35 92 59 12 72 27 69 62 33 84
81 93 51 72 24 82 72 0 40 16 59 74 97 62 21 23 47 70 26 49 15
97 67 85 5 71 84 63 40 0 78 56 3 64 16 61 59 93 42 78 4 81
58 83 51 44 42 97 71 16 78 0 39 60 60 69 62 14 93 55 17 42 56
60 28 52 98 25 26 13 59 56 39 0 75 53 21 62 38 74 4 45 99 34
81 83 76 51 72 19 35 74 3 60 75 0 15 80 47 78 60 15 47 57 48
87 31 64 23 38 93 92 97 64 60 53 15 0 29 67 78 70 36 87 96 66
82 85 84 43 70 94 59 62 16 69 21 80 29 0 8 30 93 7 78 6 29
39 4 9 32 39 87 12 21 61 62 62 47 67 8 0 90 95 5 4 65 76
26 67 8 90 94 62 72 23 59 14 38 78 78 30 90 0 28 42 22 12 30
41 46 82 99 86 70 27 47 93 93 74 60 70 93 95 28 0 66 4 46 79
71 46 20 92 32 47 69 70 42 55 4 15 36 7 5 42 66 0 88 11 80
31 15 75 57 10 18 62 26 78 17 45 47 87 78 4 22 4 88 0 56 61
57 56 16 53 80 55 33 49 4 42 99 57 96 6 65 12 46 11 56 0 69
25 20 12 59 46 9 84 15 81 56 34 48 66 29 76 30 79 80 61 69 0
8
10 8 17 14 17 8 11 16
2 16 7 14 20 1 13 20
21
0 45 43 29 38 80 21 94 57 62 13 84 47 84 32 56 41 66 81 78 70
45 0 45 28 43 54 54 18 55 37 58 12 82 96 5 75 56 32 86 45 78
43 45 0 31 92 97 82 70 77 33 31 89 63 82 58 88 52 25 70 67 41
29 28 31 0 66 74 56 44 96 82 20 89 69 76 2 26 61 98 85 71 52
38 43 92 66 0 90 9 77 56 81 70 15 10 10 56 69 67 82 70 58 87
80 54 97 74 90 0 31 20 38 70 42 5 92 22 71 87 45 98 46 26 17
21 54 82 56 9 31 0 24 14 12 78 99 10 95 86 18 72 23 58 73 33
94 18 70 44 77 20 24 0 29 32 10 67 35 54 16 27 87 5 93 29 69
57 55 77 96 56 38 14 29 0 15 71 65 94 45 44 72 38 28 89 63 77
62 37 33 82 81 70 12 32 15 0 19 14 20 38 93 8 78 44 58 89 3
13 58 31 20 70 42 78 10 71 19 0 9 37 34 23 69 3 45 5 46 59
84 12 89 89 15 5 99 67 65 14 9 0 19 89 45 99 6 83 53 23 48
47 82 63 69 10 92 10 35 94 20 37 19 0 22 37 70 62 60 66 77 5
84 96 82 76 10 22 95 54 45 38 34 89 22 0 90 74 67 30 63 82 24
32 5 58 2 56 71 86 16 44 93 23 45 37 90 0 47 22 89 17 29 21
56 75 88 26 69 87 18 27 72 8 69 99 70 74 47 0 96 7 19 69 17
41 56 52 61 67 45 72 87 38 78 3 6 62 67 22 96 0 11 28 29 9
66 32 25 98 82 98 23 5 28 44 45 83 60 30 89 7 11 0 92 44 46
81 86 70 85 70 46 58 93 89 58 5 53 66 63 17 19 28 92 0 51 69
78 45 67 71 58 26 73 29 63 89 46 23 77 82 29 69 29 44 51 0 92
70 78 41 52 87 17 33 69 77 3 59 48 5 24 21 17 9 46 69 92 0
8
1 18 16 18 18 19 11 19
12 13 1 3 3 12 6 3
21
0 56 40 97 32 88 89 50 47 71 32 5 86 75 78 25 41 16 41 85 56
56 0 83 39 25 89 12 2 22 12 34 80 53 68 61 54 16 15 82 48 44
40 83 0 95 83 10 38 12 87 7 43 95 78 31 65 26 43 7 26 56 29
97 39 95 0 57 15 24 16 44 61 78 68 17 76 59 33 5 71 8 11 66
32 25 83 57 0 99 85 6 81 6 81 13 95 45 85 73 30 82 2 33 38
88 89 10 15 99 0 51 4 93 7 71 12 37 84 35 17 80 54 9 8 37
89 12 38 24 85 51 0 38 12 29 67 69 54 39 92 45 14 99 28 5 14
50 2 12 16 6 4 38 0 52 24 6 16 34 26 38 86 17 81 8 50 30
47 22 87 44 81 93 12 52 0 98 84 75 32 8 55 15 44 43 92 35 50
71 12 7 61 6 7 29 24 98 0 64 28 17 89 9 4 61 60 12 45 24
32 34 43 78 81 71 67 6 84 64 0 67 48 63 10 91 44 80 79 57 92
5 80 95 68 13 12 69 16 75 28 67 0 5 21 33 36 3 66 57 17 91
86 53 78 17 95 37 54 34 32 17 48 5 0 47 54 21 4 93 8 20 28
75 68 31 76 45 84 39 26 8 89 63 21 47 0 5 16 77 36 44 64 55
78 61 65 59 85 35 92 38 55 9 10 33 54 5 0 63 89 64 40 22 18
25 54 26 33 73 17 45 86 15 4 91 36 21 16 63 0 16 57 34 7 8
41 16 43 5 30 80 14 17 44 61 44 3 4 77 89 16 0 75 97 56 82
16 15 7 71 82 54 99 81 43 60 80 66 93 36 64 57 75 0 10 71 51
41 82 26 8 2 9 28 8 92 12 79 57 8 44 40 34 97 10 0 11 94
85 48 56 11 33 8 5 50 35 45 57 17 20 64 22 7 56 71 11 0 28
56 44 29 66 38 37 14 30 50 24 92 91 28 55 18 8 82 51 94 28 0
8
1 11 1 13 15 2 2 11
15 20 6 15 12 10 11 19
21
0 63 94 62 24 41 18 75 54 94 83 76 75 92 55 12 37 85 12 27 50
63 0 64 17 40 79 5 90 64 44 92 3 9 60 53 6 97 24 99 37 96
94 64 0 42 40 65 37 34 72 3 45 60 17 15 53 83 28 21 7 67 72
62 17 42 0 69 62 90 67 97 85 64 92 91 41 79 97 77 22 49 88 57
24 40 40 69 0 80 43 32 35 51 18 3 27 63 14 83 57 73 81 64 85
41 79 65 62 80 0 24 17 29 53 19 60 72 84 86 90 57 51 10 46 9
18 5 37 90 43 24 0 37 12 25 94 50 94 57 62 66 66 67 16 6 81
75 90 34 67 32 17 37 0 7 12 66 90 22 69 76 27 68 85 16 3 82
54 64 72 97 35 29 12 7 0 21 12 59 29 30 37 60 14 22 83 53 68
94 44 3 85 51 53 25 12 21 0 49 31 49 93 50 92 87 40 70 80 7
83 92 45 64 18 19 94 66 12 49 0 74 20 12 40 61 14 61 42 53 55
76 3 60 92 3 60 50 90 59 31 74 0 28 16 83 82 93 42 17 14 94
75 9 17 91 27 72 94 22 29 49 20 28 0 21 42 61 76 26 12 64 52
92 60 15 41 63 84 57 69 30 93 12 16 21 0 91 42 59 81 21 86 33
55 53 53 79 14 86 62 76 37 50 40 83 42 91 0 52 54 6 25 67 85
12 6 83 97 83 90 66 27 60 92 61 82 61 42 52 0 23 12 43 70 28
37 97 28 77 57 57 66 68 14 87 14 93 76 59 54 23 0 97 81 76 16
85 24 21 22 73 51 67 85 22 40 61 42 26 81 6 12 97 0 29 34 75
12 99 7 49 81 10 16 16 83 70 42 17 12 21 25 43 81 29 0 3 95
27 37 67 88 64 46 6 3 53 80 53 14 64 86 67 70 76 34 3 0 93
50 96 72 57 85 9 81 82 68 7 55 94 52 33 85 28 16 75 95 93 0
8
5 18 10 17 19 15 19 10
20 8 20 18 16 20 9 19
21
0 39 60 68 54 23 61 38 80 55 31 63 54 67 81 85 35 71 13 93 84
39 0 93 83 75 2 2 96 35 96 2 99 21 37 59 22 36 89 29 8 12
60 93 0 46 75 25 29 29 53 80 82 40 8 21 73 66 74 4 90 20 41
68 83 46 0 28 37 88 84 24 90 69 39 53 34 3 3 60 3 2 15 82
54 75 75 28 0 95 98 55 56 26 20 13 89 2 49 87 73 44 33 26 54
23 2 25 37 95 0 67 80 39 35 17 73 15 16 40 54 23 14 88 22 74
61 2 29 88 98 67 0 18 43 22 70 2 48 28 57 93 98 48 16 78 11
38 96 29 84 55 80 18 0 17 82 9 25 23 26 34 17 80 41 65 19 32
80 35 53 24 56 39 43 17 0 75 10 80 64 65 56 66 64 4 57 79 97
55 96 80 90 26 35 22 82 75 0 61 38 68 23 84 22 29 54 53 79 59
31 2 82 69 20 17 70 9 10 61 0 74 80 99 4 95 79 64 93 38 10
63 99 40 39 13 73 2 25 80 38 74 0 59 36 80 62 57 94 87 46 9
54 21 8 53 89 15 48 23 64 68 80 59 0 81 65 78 39 33 33 8 5
67 37 21 34 2 16 28 26 65 23 99 36 81 0 3 16 80 4 47 15 27
81 59 73 3 49 40 57 34 56 84 4 80 65 3 0 56 83 48 61 40 33
85 22 66 3 87 54 93 17 66 22 95 62 78 16 56 0 22 27 83 7 58
35 36 74 60 73 23 98 80 64 29 79 57 39 80 83 22 0 2 99 61 80
71 89 4 3 44 14 48 41 4 54 64 94 33 4 48 27 2 0 82 16 71
13 29 90 2 33 88 16 65 57 53 93 87 33 47 61 83 99 82 0 49 91
93 8 20 15 26 22 78 19 79 79 38 46 8 15 40 7 61 16 49 0 96
84 12 41 82 54 74 11 32 97 59 10 9 5 27 33 58 80 71 91 96 0
8
1 10 20 10 10 18 13 14
6 20 4 16 15 3 13 16
21
0 55 84 84 33 57 66 39 8 90 76 48 29 97 35 38 7 20 69 16 14
55 0 61 36 4 73 99 65 85 29 73 61 41 68 56 23 38 19 15 32 62
84 61 0 47 38 31 94 45 87 5 29 58 96 97 66 67 95 5 25 74 62
84 36 47 0 80 87 43 79 83 12 75 63 47 83 31 92 95 63 60 33 75
33 4 38 80 0 35 34 47 62 17 82 66 23 55 50 98 50 75 7 32 27
57 73 31 87 35 0 86 23 22 40 65 68 92 37 52 61 43 23 52 66 94
66 99 94 43 34 86 0 33 72 19 44 23 52 86 11 54 86 85 50 35 8
39 65 45 79 47 23 33 0 95 12 43 33 95 49 85 20 69 55 77 4 16
8 85 87 83 62 22 72 95 0 83 85 43 3 44 11 19 24 35 88 79 25
90 29 5 12 17 40 19 12 83 0 90 70 3 89 35 19 39 29 7 96 47
76 73 29 75 82 65 44 43 85 90 0 82 68 23 29 70 49 22 60 36 55
48 61 58 63 66 68 23 33 43 70 82 0 95 80 31 72 47 4 67 76 85
29 41 96 47 23 92 52 95 3 3 68 95 0 35 69 84 22 88 30 48 34
97 68 97 83 55 37 86 49 44 89 23 80 35 0 95 22 21 18 35 19 91
35 56 66 31 50 52 11 85 11 35 29 31 69 95 0 25 24 64 10 45 53
38 23 67 92 98 61 54 20 19 19 70 72 84 22 25 0 98 54 16 37 91
7 38 95 95 50 43 86 69 24 39 49 47 22 21 24 98 0 31 56 56 38
20 19 5 63 75 23 85 55 35 29 22 4 88 18 64 54 31 0 80 90 74
69 15 25 60 7 52 50 77 88 7 60 67 30 35 10 16 56 80 0 21 92
16 32 74 33 32 66 35 4 79 96 36 76 48 19 45 37 56 90 21 0 32
14 62 62 75 27 94 8 16 25 47 55 85 34 91 53 91 38 74 92 32 0
8
3 15 3 12 8 10 18 11
18 19 11 18 1 8 8 4
21
0 8 42 90 13 38 17 65 7 89 3 55 20 5 95 75 66 30 95 58 48
8 0 47 75 81 88 33 49 51 60 58 94 9 76 28 50 29 2 84 77 65
42 47 0 93 60 96 90 8 51 79 51 6 97 73 59 15 32 29 62 96 36
90 75 93 0 77 23 89 50 19 18 7 36 76 43 23 83 22 72 73 21 63
13 81 60 77 0 28 41 23 50 19 67 5 31 89 15 64 95 7 48 85 91
38 88 96 23 28 0 74 55 17 81 37 24 6 27 65 7 71 24 90 68 45
17 33 90 89 41 74 0 55 68 96 14 49 50 50 76 83 24 95 42 60 68
65 49 8 50 23 55 55 0 37 30 2 50 21 41 97 25 81 43 73 51 82
7 51 51 19 50 17 68 37 0 67 20 65 29 70 93 80 25 2 45 9 13
89 60 79 18 19 81 96 30 67 0 93 30 21 83 95 41 28 89 58 43 14
3 58 51 7 67 37 14 2 20 93 0 58 41 8 92 54 72 36 21 68 2
55 94 6 36 5 24 49 50 65 30 58 0 73 56 90 83 93 34 30 88 41
20 9 97 76 31 6 50 21 29 21 41 73 0 26 79 5 33 96 89 4 93
5 76 73 43 89 27 50 41 70 83 8 56 26 0 66 80 80 29 14 8 20
95 28 59 23 15 65 76 97 93 95 92 90 79 66 0 10 75 62 67 81 33
75 50 15 83 64 7 83 25 80 41 54 83 5 80 10 0 3 74 22 82 68
66 29 32 22 95 71 24 81 25 28 72 93 33 80 75 3 0 35 38 32 9
30 2 29 72 7 24 95 43 2 89 36 34 96 29 62 74 35 0 33 63 14
95 84 62 73 48 90 42 73 45 58 21 30 89 14 67 22 38 33 0 96 31
58 77 96 21 85 68 60 51 9 43 68 88 4 8 81 82 32 63 96 0 62
48 65 36 63 91 45 68 82 13 14 2 41 93 20 33 68 9 14 31 62 0
8
12 16 13 3 6 5 5 10
9 1 9 6 7 14 16 3
10
0 8 12 3 8 14 11 2 6 16
8 0 17 6 2 8 17 18 5 5
12 17 0 8 12 15 6 14 8 17
3 6 8 0 14 5 15 9 13 4
8 2 12 14 0 2 11 7 3 19
14 8 15 5 2 0 17 11 9 15
11 17 6 15 11 17 0 13 10 2
2 18 14 9 7 11 13 0 11 9
6 5 8 13 3 9 10 11 0 4
16 5 17 4 19 15 2 9 4 0
4
7 9 3 1
5 1 2 9
10
0 19 2 16 19 7 8 3 9 9
19 0 18 7 10 11 16 19 18 16
2 18 0 18 8 11 19 4 3 14
16 7 18 0 17 12 18 6 3 14
19 10 8 17 0 4 8 5 16 9
7 11 11 12 4 0 14 5 9 17
8 16 19 18 8 14 0 15 4 8
3 19 4 6 5 5 15 0 14 18
9 18 3 3 16 9 4 14 0 7
9 16 14 14 9 17 8 18 7 0
4
2 3 4 2
1 2 7 5
10
0 5 13 10 17 5 8 2 18 14
5 0 6 16 2 5 11 15 11 4
13 6 0 12 3 17 5 9 6 12
10 16 12 0 9 8 5 17 12 10
17 2 3 9 0 11 2 8 13 11
5 5 17 8 11 0 2 7 4 4
8 11 5 5 2 2 0 7 12 12
2 15 9 17 8 7 7 0 10 3
18 11 6 12 13 4 12 10 0 9
14 4 12 10 11 4 12 3 9 0
4
5 7 1 4
2 7 2 9
10
0 16 10 11 11 14 18 7 14 17
16 0 5 15 7 17 7 2 12 18
10 5 0 2 14 17 4 6 2 16
11 15 2 0 7 17 6 8 10 14
11 7 14 7 0 10 7 5 9 5
14 17 17 17 10 0 19 4 12 17
18 7 4 6 7 19 0 13 18 11
7 2 6 8 5 4 13 0 7 9
14 12 2 10 9 12 18 7 0 8
17 18 16 14 5 17 11 9 8 0
4
2 4 2 9
4 2 6 4
10
0 9 13 12 14 11 9 4 11 11
9 0 13 12 17 15 19 13 5 18
13 13 0 10 2 2 7 4 13 18
12 12 10 0 4 13 7 8 17 10
14 17 2 4 0 6 9 14 2 18
11 15 2 13 6 0 2 6 10 9
9 19 7 7 9 2 0 16 7 7
4 13 4 8 14 6 16 0 16 10
11 5 13 17 2 10 7 16 0 11
11 18 18 10 18 9 7 10 11 0
4
8 6 4 4
1 4 4 8
10
0 3 9 9 9 8 13 5 7 2
3 0 6 16 2 4 9 7 4 6
9 6 0 8 5 8 3 9 4 3
9 16 8 0 12 9 13 19 9 14
9 2 5 12 0 15 2 3 3 13
8 4 8 9 15 0 16 15 3 2
13 9 3 13 2 16 0 19 18 6
5 7 9 19 3 15 19 0 10 2
7 4 4 9 3 3 18 10 0 9
2 6 3 14 13 2 6 2 9 0
4
8 6 6 9
8 4 4 1
10
0 3 9 18 16 18 17 4 4 17
3 0 3 11 2 5 3 2 16 19
9 3 0 8 7 18 5 19 12 2
18 11 8 0 12 10 13 12 14 12
16 2 7 12 0 9 17 13 12 8
18 5 18 10 9 0 9 6 18 14
17 3 5 13 17 9 0 16 5 5
4 2 19 12 13 6 16 0 10 10
4 16 12 14 12 18 5 10 0 18
17 19 2 12 8 14 5 10 18 0
4
8 5 3 7
7 7 4 6
10
0 2 11 2 14 15 16 11 2 12
2 0 14 7 8 13 11 9 8 2
11 14 0 15 6 7 13 4 14 2
2 7 15 0 2 7 6 3 19 16
14 8 6 2 0 2 16 11 16 17
15 13 7 7 2 0 14 5 2 19
16 11 13 6 16 14 0 8 5 2
11 9 4 3 11 5 8 0 15 14
2 8 14 19 16 2 5 15 0 4
12 2 2 16 17 19 2 14 4 0
4
1 2 8 3
7 1 3 5
10
0 6 15 11 14 19 2 2 4 13
6 0 10 17 7 17 10 9 17 4
15 10 0 7 9 13 14 17 14 16
11 17 7 0 2 4 5 5 18 12
14 7 9 2 0 12 15 11 8 3
19 17 13 4 12 0 13 5 7 12
2 10 14 5 15 13 0 7 17 13
2 9 17 5 11 5 7 0 11 19
4 17 14 18 8 7 17 11 0 19
13 4 16 12 3 12 13 19 19 0
4
4 6 7 2
6 5 3 6
10
0 2 10 12 3 10 11 7 2 9
2 0 18 16 11 8 19 18 13 15
10 18 0 18 11 3 7 19 5 4
12 16 18 0 16 14 17 19 7 5
3 11 11 16 0 5 10 6 17 12
10 8 3 14 5 0 19 4 10 18
11 19 7 17 10 19 0 7 17 10
7 18 19 19 6 4 7 0 6 10
2 13 5 7 17 10 17 6 0 4
9 15 4 5 12 18 10 10 4 0
4
7 6 6 5
1 4 7 2
41
0 3 4 32 71 44 46 24 31 12 43 57 82 35 23 89 55 74 65 24 10 90 8 19 44 51 89 77 52 12 78 82 30 43 85 61 60 25 58 5 84
3 0 87 43 3 18 60 69 2 16 50 23 82 58 35 75 48 42 30 95 65 9 73 80 75 60 9 23 54 71 5 46 29 81 76 49 95 67 46 40 79
4 87 0 21 5 32 74 97 77 18 22 97 43 44 21 34 36 89 32 30 61 46 46 58 56 42 33 20 15 57 62 87 7 17 85 59 16 8 40 77 96
32 43 21 0 91 91 28 5 86 56 42 97 45 75 19 21 90 2 99 61 6 19 70 29 73 58 21 39 74 5 96 84 25 62 53 59 21 32 63 21 15
71 3 5 91 0 16 92 89 9 90 68 92 27 68 63 61 84 84 18 54 79 35 38 77 93 34 76 90 75 45 99 88 51 13 44 54 40 53 49 72 86
44 18 32 91 16 0 39 99 9 35 45 79 99 3 38 14 7 55 4 26 99 99 13 58 70 89 51 72 40 62 86 67 80 84 37 90 9 2 43 89 12
46 60 74 28 92 39 0 90 44 90 3 88 94 27 73 26 35 44 23 73 5 46 83 89 43 50 44 50 2 30 79 90 22 35 55 51 56 56 56 13 81
24 69 97 5 89 99 90 0 22 41 34 72 97 85 68 68 17 58 87 27 59 5 28 85 40 61 47 5 22 32 40 44 13 36 32 98 21 62 87 53 15
31 2 77 86 9 9 44 22 0 34 91 76 87 87 41 55 8 58 10 49 76 92 46 61 63 89 35 85 27 43 97 81 51 30 41 85 64 69 83 45 80
12 16 18 56 90 35 90 41 34 0 37 5 58 32 89 69 99 26 18 33 15 36 4 16 32 87 90 81 21 65 75 65 44 21 41 39 8 66 49 34 19
43 50 22 42 68 45 3 34 91 37 0 34 62 72 92 87 32 56 56 16 67 73 50 9 64 12 22 59 79 70 31 42 14 56 24 72 84 7 20 40 22
57 23 97 97 92 79 88 72 76 5 34 0 97 45 27 94 49 13 97 14 58 5 70 23 96 89 20 88 53 48 73 16 56 60 40 21 73 76 49 57 40
82 82 43 45 27 99 94 97 87 58 62 97 0 78 40 28 14 5 65 33 80 56 33 47 69 85 39 26 11 84 49 74 85 70 38 64 18 66 24 45 30
35 58 44 75 68 3 27 85 87 32 72 45 78 0 63 92 19 59 77 77 9 10 32 46 24 69 92 53 74 80 30 52 42 80 36 80 22 35 83 88 69
23 35 21 19 63 38 73 68 41 89 92 27 40 63 0 35 24 81 14 50 25 10 57 51 45 6 34 13 43 51 32 87 46 56 2 51 21 42 48 24 8
89 75 34 21 61 14 26 68 55 69 87 94 28 92 35 0 26 38 83 36 91 80 52 43 77 68 22 11 46 71 14 28 8 43 19 86 72 97 7 87 39
55 48 36 90 84 7 35 17 8 99 32 49 14 19 24 26 0 97 43 70 84 79 17 59 97 73 45 92 92 93 84 3 45 2 33 48 22 37 46 43 57
74 42 89 2 84 55 44 58 58 26 56 13 5 59 81 38 97 0 34 63 88 98 27 75 55 42 26 78 30 29 64 79 66 66 35 43 14 59 61 96 4
65 30 32 99 18 4 23 87 10 18 56 97 65 77 14 83 43 34 0 93 20 55 67 60 79 44 24 86 64 40 30 31 64 28 17 19 17 56 95 52 16
24 95 30 61 54 26 73 27 49 33 16 14 33 77 50 36 70 63 93 0 88 59 51 26 85 84 68 3 25 22 50 18 12 50 84 41 29 17 18 98 32
10 65 61 6 79 99 5 59 76 15 67 58 80 9 25 91 84 88 20 88 0 92 48 18 31 65 77 84 88 69 7 17 45 39 6 74 61 68 88 80 81
90 9 46 19 35 99 46 5 92 36 73 5 56 10 10 80 79 98 55 59 92 0 93 12 79 91 55 22 53 83 81 8 75 89 65 17 51 51 69 49 97
8 73 46 70 38 13 83 28 46 4 50 70 33 32 57 52 17 27 67 51 48 93 0 5 5 84 60 83 30 37 83 17 92 4 92 93 2 48 86 52 56
19 80 58 29 77 58 89 85 61 16 9 23 47 46 51 43 59 75 60 26 18 12 5 0 52 98 35 48 58 8 16 4 51 27 81 42 34 65 62 3 79
44 75 56 73 93 70 43 40 63 32 64 96 69 24 45 77 97 55 79 85 31 79 5 52 0 83 41 93 15 69 56 72 34 17 31 83 98 53 63 58 79
51 60 42 58 34 89 50 61 89 87 12 89 85 69 6 68 73 42 44 84 65 91 84 98 83 0 85 31 67 36 10 2 42 98 23 78 66 66 99 40 5
89 9 33 21 76 51 44 47 35 90 22 20 39 92 34 22 45 26 24 68 77 55 60 35 41 85 0 65 49 55 86 15 21 31 67 98 69 56 51 26 66
77 23 20 39 90 72 50 5 85 81 59 88 26 53 13 11 92 78 86 3 84 22 83 48 93 31 65 0 45 28 48 99 62 18 55 66 70 89 96 2 52
52 54 15 74 75 40 2 22 27 21 79 53 11 74 43 46 92 30 64 25 88 53 30 58 15 67 49 45 0 52 66 91 29 32 66 30 29 79 57 47 45
12 71 57 5 45 62 30 32 43 65 70 48 84 80 51 71 93 29 40 22 69 83 37 8 69 36 55 28 52 0 60 75 36 77 26 63 62 39 98 66 81
78 5 62 96 99 86 79 40 97 75 31 73 49 30 32 14 84 64 30 50 7 81 83 16 56 10 86 48 66 60 0 90 17 75 15 69 44 43 45 72 38
82 46 87 84 88 67 90 44 81 65 42 16 74 52 87 28 3 79 31 18 17 8 17 4 72 2 15 99 91 75 90 0 2 51 3 16 56 44 22 14 73
30 29 7 25 51 80 22 13 51 44 14 56 85 42 46 8 45 66 64 12 45 75 92 51 34 42 21 62 29 36 17 2 0 51 50 94 99 95 20 83 22
43 81 17 62 13 84 35 36 30 21 56 60 70 80 56 43 2 66 28 50 39 89 4 27 17 98 31 18 32 77 75 51 51 0 99 82 97 97 76 17 78
85 76 85 53 44 37 55 32 41 41 24 40 38 36 2 19 33 35 17 84 6 65 92 81 31 23 67 55 66 26 15 3 50 99 0 60 69 69 3 40 50
61 49 59 59 54 90 51 98 85 39 72 21 64 80 51 86 48 43 19 41 74 17 93 42 83 78 98 66 30 63 69 16 94 82 60 0 38 20 40 70 96
60 95 16 21 40 9 56 21 64 8 84 73 18 22 21 72 22 14 17 29 61 51 2 34 98 66 69 70 29 62 44 56 99 97 69 38 0 77 37 80 14
25 67 8 32 53 2 56 62 69 66 7 76 66 35 42 97 37 59 56 17 68 51 48 65 53 66 56 89 79 39 43 44 95 97 69 20 77 0 33 70 82
58 46 40 63 49 43 56 87 83 49 20 49 24 83 48 7 46 61 95 18 88 69 86 62 63 99 51 96 57 98 45 22 20 76 3 40 37 33 0 61 12
5 40 77 21 72 89 13 53 45 34 40 57 45 88 24 87 43 96 52 98 80 49 52 3 58 40 26 2 47 66 72 14 83 17 40 70 80 70 61 0 65
84 79 96 15 86 12 81 15 80 19 22 40 30 69 8 39 57 4 16 32 81 97 56 79 79 5 66 52 45 81 38 73 22 78 50 96 14 82 12 65 0
10
8 37 11 34 29 5 15 18 4 18
32 20 28 6 40 24 34 17 15 8
41
0 51 60 3 52 81 86 38 26 23 51 50 56 71 85 54 70 9 61 33 95 31 94 68 96 63 76 38 69 4 14 84 86 52 14 61 82 20 83 23 71
51 0 50 82 58 92 86 52 57 73 32 8 89 80 87 26 87 17 18 68 30 86 29 59 71 83 99 81 26 65 25 85 32 23 35 7 57 99 37 25 26
60 50 0 78 92 99 15 79 71 80 38 91 56 51 49 94 89 64 12 78 26 42 29 8 12 64 5 84 11 95 17 84 77 21 73 56 56 30 84 42 84
3 82 78 0 51 49 6 34 99 97 85 29 9 65 51 55 29 23 21 52 53 34 4 82 58 88 54 95 73 63 20 75 96 56 52 85 75 6 19 39 76
52 58 92 51 0 66 62 53 37 6 32 33 69 83 43 54 97 14 2 13 75 47 22 27 60 72 80 16 14 27 20 53 46 64 77 14 48 15 68 73 46
81 92 99 49 66 0 40 80 4 73 11 91 74 21 4 55 29 20 87 66 70 56 44 52 58 2 32 9 28 49 40 73 34 14 51 86 77 23 57 34 11
86 86 15 6 62 40 0 43 65 93 50 60 75 56 28 99 36 80 85 72 73 55 61 23 2 79 78 16 72 16 79 87 37 49 85 97 26 76 70 46 19
38 52 79 34 53 80 43 0 53 62 36 89 12 94 90 11 64 79 38 98 70 4 14 42 96 39 13 67 74 75 77 71 24 51 60 19 95 55 16 32 96
26 57 71 99 37 4 65 53 0 8 83 41 36 11 80 99 12 64 54 15 2 72 52 93 29 68 31 20 31 25 25 17 18 39 73 93 52 48 99 39 56
23 73 80 97 6 73 93 62 8 0 14 11 37 70 83 9 93 40 35 93 81 72 50 14 97 12 89 26 99 88 8 42 3 50 47 65 95 32 16 39 78
51 32 38 85 32 11 50 36 83 14 0 22 60 25 52 9 71 23 23 24 89 82 82 42 30 74 43 20 49 47 47 5 75 9 61 44 10 11 18 22 46
50 8 91 29 33 91 60 89 41 11 22 0 7 10 39 40 86 7 36 20 19 55 53 76 11 54 55 42 5 30 91 49 22 93 76 11 66 54 84 35 86
56 89 56 9 69 74 75 12 36 37 60 7 0 75 59 9 61 85 79 23 36 27 79 90 11 10 11 96 33 70 8 9 95 8 66 4 36 18 47 77 73
71 80 51 65 83 21 56 94 11 70 25 10 75 0 21 3 39 38 55 12 72 73 16 48 72 35 26 83 21 73 11 66 18 8 7 42 94 93 27 66 73
85 87 49 51 43 4 28 90 80 83 52 39 59 21 0 57 27 69 48 53 22 19 8 87 65 25 57 62 77 67 57 85 68 72 50 19 71 92 48 9 48
54 26 94 55 54 55 99 11 99 9 9 40 9 3 57 0 69 7 51 68 99 20 57 55 85 10 7 6 20 40 75 59 4 36 93 21 97 9 74 61 60
70 87 89 29 97 29 36 64 12 93 71 86 61 39 27 69 0 92 50 19 4 26 85 89 20 74 91 91 10 29 88 9 69 47 20 63 85 45 45 69 61
9 17 64 23 14 20 80 79 64 40 23 7 85 38 69 7 92 0 64 11 20 38 78 81 13 34 82 42 34 90 65 3 69 4 86 6 52 34 73 44 12
61 18 12 21 2 87 85 38 54 35 23 36 79 55 48 51 50 64 0 76 21 33 19 56 8 44 9 99 76 8 20 50 59 19 28 93 47 3 52 24 22
33 68 78 52 13 66 72 98 15 93 24 20 23 12 53 68 19 11 76 0 6 92 19 12 35 36 25 30 77 9 70 97 6 96 48 97 84 83 62 94 41
95 30 26 53 75 70 73 70 2 81 89 19 36 72 22 99 4 20 21 6 0 32 83 75 34 77 63 63 58 66 14 3 86 99 64 55 4 76 67 36 15
31 86 42 34 47 56 55 4 72 72 82 55 27 73 19 20 26 38 33 92 32 0 62 42 94 38 29 4 70 13 73 11 16 95 20 13 50 44 97 46 45
94 29 29 4 22 44 61 14 52 50 82 53 79 16 8 57 85 78 19 19 83 62 0 29 91 43 11 77 22 2 32 36 78 60 10 14 14 12 73 98 35
68 59 8 82 27 52 23 42 93 14 42 76 90 48 87 55 89 81 56 12 75 42 29 0 7 91 35 21 83 97 66 35 63 56 36 58 70 10 14 39 81
96 71 12 58 60 58 2 96 29 97 30 11 11 72 65 85 20 13 8 35 34 94 91 7 0 28 22 68 7 51 23 25 5 99 18 27 29 39 5 50 11
63 83 64 88 72 2 79 39 68 12 74 54 10 35 25 10 74 34 44 36 77 38 43 91 28 0 61 61 90 70 38 10 45 73 23 87 66 71 69 72 46
76 99 5 54 80 32 78 13 31 89 43 55 11 26 57 7 91 82 9 25 63 29 11 35 22 61 0 50 30 91 21 89 22 64 91 41 10 66 8 47 90
38 81 84 95 16 9 16 67 20 26 20 42 96 83 62 6 91 42 99 30 63 4 77 21 68 61 50 0 93 25 44 64 3 48 72 45 6 13 33 31 72
69 26 11 73 14 28 72 74 31 99 49 5 33 21 77 20 10 34 76 77 58 70 22 83 7 90 30 93 0 40 55 16 28 13 72 43 88 45 5 75 69
4 65 95 63 27 49 16 75 25 88 47 30 70 73 67 40 29 90 8 9 66 13 2 97 51 70 91 25 40 0 46 5 38 91 7 2 91 76 60 33 12
14 25 17 20 20 40 79 77 25 8 47 91 8 11 57 75 88 65 20 70 14 73 32 66 23 38 21 44 55 46 0 77 83 78 93 97 63 52 73 67 16
84 85 84 75 53 73 87 71 17 42 5 49 9 66 85 59 9 3 50 97 3 11 36 35 25 10 89 64 16 5 77 0 15 17 42 98 77 30 67 13 8
86 32 77 96 46 34 37 24 18 3 75 22 95 18 68 4 69 69 59 6 86 16 78 63 5 45 22 3 28 38 83 15 0 8 37 55 26 3 67 78 51
52 23 21 56 64 14 49 51 39 50 9 93 8 8 72 36 47 4 19 96 99 95 60 56 99 73 64 48 13 91 78 17 8 0 75 61 33 87 21 83 71
14 35 73 52 77 51 85 60 73 47 61 76 66 7 50 93 20 86 28 48 64 20 10 36 18 23 91 72 72 7 93 42 37 75 0 22 96 37 7 19 2
61 7 56 85 14 86 97 19 93 65 44 11 4 42 19 21 63 6 93 97 55 13 14 58 27 87 41 45 43 2 97 98 55 61 22 0 53 28 13 10 33
82 57 56 75 48 77 26 95 52 95 10 66 36 94 71 97 85 52 47 84 4 50 14 70 29 66 10 6 88 91 63 77 26 33 96 53 0 34 89 22 58
20 99 30 6 15 23 76 55 48 32 11 54 18 93 92 9 45 34 3 83 76 44 12 10 39 71 66 13 45 76 52 30 3 87 37 28 34 0 45 23 36
83 37 84 19 68 57 70 16 99 16 18 84 47 27 48 74 45 73 52 62 67 97 73 14 5 69 8 33 5 60 73 67 67 21 7 13 89 45 0 82 73
23 25 42 39 73 34 46 32 39 39 22 35 77 66 9 61 69 44 24 94 36 46 98 39 50 72 47 31 75 33 67 13 78 83 19 10 22 23 82 0 50
71 26 84 76 46 11 19 96 56 78 46 86 73 73 48 60 61 12 22 41 15 45 35 81 11 46 90 72 69 12 16 8 51 71 2 33 58 36 73 50 0
10
33 23 23 19 28 23 17 6 29 29
34 25 12 37 18 32 8 10 7 11
41
0 15 57 75 72 73 20 60 53 69 52 45 99 30 4 51 37 69 60 46 95 18 88 21 43 95 86 33 9 90 70 17 63 33 31 81 56 72 69 53 93
15 0 17 79 77 53 24 25 80 16 21 15 38 82 58 21 2 69 37 89 35 3 78 94 60 16 71 23 42 15 63 64 63 95 75 35 43 78 71 48 36
57 17 0 8 52 58 91 70 73 2 76 70 79 30 22 64 91 82 75 12 50 78 15 35 31 45 83 29 81 12 37 70 54 45 48 84 20 32 50 75 25
75 79 8 0 30 2 79 36 75 65 12 82 11 97 98 40 24 22 37 94 38 65 94 38 12 73 47 39 15 19 33 95 90 94 97 2 51 20 90 27 25
72 77 52 30 0 86 69 38 20 60 21 77 95 56 73 70 25 51 47 91 58 36 53 13 61 37 40 77 67 47 91 54 35 18 48 74 67 82 95 20 12
73 53 58 2 86 0 21 15 16 50 41 91 34 51 4 49 5 15 62 18 93 28 61 45 36 38 52 13 63 28 92 94 15 64 17 88 6 18 49 24 43
20 24 91 79 69 21 0 3 5 74 49 28 74 43 56 33 88 21 65 9 99 92 79 45 4 72 86 10 82 68 63 84 95 23 83 93 59 25 52 40 2
60 25 70 36 38 15 3 0 31 16 54 63 64 60 2 24 16 85 32 36 64 72 24 34 81 58 6 11 52 20 66 91 66 35 79 6 53 65 73 60 86
53 80 73 75 20 16 5 31 0 63 39 10 61 98 27 86 58 16 20 64 12 50 75 63 93 58 14 92 63 22 40 65 38 73 85 10 67 11 55 71 9
69 16 2 65 60 50 74 16 63 0 74 43 79 54 70 11 70 90 27 11 75 52 99 51 9 25 30 94 68 16 28 70 26 35 82 53 66 93 61 32 91
52 21 76 12 21 41 49 54 39 74 0 30 49 20 95 11 64 66 73 38 31 68 44 87 39 88 35 96 74 59 84 98 62 60 98 99 96 34 77 21 22
45 15 70 82 77 91 28 63 10 43 30 0 75 10 19 96 79 45 56 37 31 51 52 79 44 63 76 53 49 94 44 94 31 98 48 77 74 31 65 90 42
99 38 79 11 95 34 74 64 61 79 49 75 0 55 65 78 46 11 36 85 44 38 95 31 7 41 71 95 34 87 23 35 9 94 41 10 3 49 25 90 28
30 82 30 97 56 51 43 60 98 54 20 10 55 0 88 33 9 30 61 96 88 24 8 48 95 39 51 81 80 8 7 29 74 83 29 23 82 54 42 95 12
4 58 22 98 73 4 56 2 27 70 95 19 65 88 0 69 36 78 27 89 14 29 91 36 17 28 51 76 78 20 45 59 10 78 66 37 51 74 3 89 44
51 21 64 40 70 49 33 24 86 11 11 96 78 33 69 0 36 4 36 34 73 19 58 66 39 39 54 59 99 69 54 43 61 98 8 60 63 15 84 57 85
37 2 91 24 25 5 88 16 58 70 64 79 46 9 36 36 0 55 62 58 51 58 51 87 7 61 14 23 72 49 24 17 72 41 25 87 84 28 72 78 12
69 69 82 22 51 15 21 85 16 90 66 45 11 30 78 4 55 0 82 26 49 72 48 70 74 56 92 25 90 72 39 16 56 6 49 68 19 36 91 49 59
60 37 75 37 47 62 65 32 20 27 73 56 36 61 27 36 62 82 0 78 12 68 50 17 41 45 21 72 73 96 62 12 51 70 74 63 79 46 23 66 52
46 89 12 94 91 18 9 36 64 11 38 37 85 96 89 34 58 26 78 0 70 91 32 99 12 67 21 10 15 2 42 12 84 21 8 98 18 44 72 52 28
95 35 50 38 58 93 99 64 12 75 31 31 44 88 14 73 51 49 12 70 0 13 83 60 55 49 74 91 73 36 19 37 39 80 28 8 42 78 89 25 65
18 3 78 65 36 28 92 72 50 52 68 51 38 24 29 19 58 72 68 91 13 0 85 34 71 39 20 69 84 95 51 56 31 20 26 58 16 56 90 69 98
88 78 15 94 53 61 79 24 75 99 44 52 95 8 91 58 51 48 50 32 83 85 0 15 40 73 55 15 13 59 7 23 13 75 51 51 17 66 97 13 93
21 94 35 38 13 45 45 34 63 51 87 79 31 48 36 66 87 70 17 99 60 34 15 0 16 43 72 95 74 45 58 87 83 3 96 71 61 20 14 57 45
43 60 31 12 61 36 4 81 93 9 39 44 7 95 17 39 7 74 41 12 55 71 40 16 0 15 97 32 7 52 92 24 61 6 62 39 88 41 18 74 80
95 16 45 73 37 38 72 58 58 25 88 63 41 39 28 39 61 56 45 67 49 39 73 43 15 0 10 77 32 90 86 80 28 43 98 63 98 68 70 24 38
86 71 83 47 40 52 86 6 14 30 35 76 71 51 51 54 14 92 21 21 74 20 55 72 97 10 0 78 53 83 48 13 57 94 72 29 53 37 35 49 90
33 23 29 39 77 13 10 11 92 94 96 53 95 81 76 59 23 25 72 10 91 69 15 95 32 77 78 0 36 2 47 28 10 42 93 12 65 28 13 90 48
9 42 81 15 67 63 82 52 63 68 74 49 34 80 78 99 72 90 73 15 73 84 13 74 7 32 53 36 0 13 83 59 13 37 30 60 34 46 59 36 51
90 15 12 19 47 28 68 20 22 16 59 94 87 8 20 69 49 72 96 2 36 95 59 45 52 90 83 2 13 0 78 27 46 73 87 85 29 9 24 78 26
70 63 37 33 91 92 63 66 40 28 84 44 23 7 45 54 24 39 62 42 19 51 7 58 92 86 48 47 83 78 0 77 93 32 71 11 78 57 85 44 73
17 64 70 95 54 94 84 91 65 70 98 94 35 29 59 43 17 16 12 12 37 56 23 87 24 80 13 28 59 27 77 0 2 69 63 19 84 64 12 49 91
63 63 54 90 35 15 95 66 38 26 62 31 9 74 10 61 72 56 51 84 39 31 13 83 61 28 57 10 13 46 93 2 0 97 45 50 12 93 99 61 93
33 95 45 94 18 64 23 35 73 35 60 98 94 83 78 98 41 6 70 21 80 20 75 3 6 43 94 42 37 73 32 69 97 0 7 55 63 50 78 27 71
31 75 48 97 48 17 83 79 85 82 98 48 41 29 66 8 25 49 74 8 28 26 51 96 62 98 72 93 30 87 71 63 45 7 0 48 45 31 50 19 6
81 35 84 2 74 88 93 6 10 53 99 77 10 23 37 60 87 68 63 98 8 58 51 71 39 63 29 12 60 85 11 19 50 55 48 0 11 94 32 89 16
56 43 20 51 67 6 59 53 67 66 96 74 3 82 51 63 84 19 79 18 42 16 17 61 88 98 53 65 34 29 78 84 12 63 45 11 0 24 3 43 99
72 78 32 20 82 18 25 65 11 93 34 31 49 54 74 15 28 36 46 44 78 56 66 20 41 68 37 28 46 9 57 64 93 50 31 94 24 0 81 63 53
69 71 50 90 95 49 52 73 55 61 77 65 25 42 3 84 72 91 23 72 89 90 97 14 18 70 35 13 59 24 85 12 99 78 50 32 3 81 0 56 52
53 48 75 27 20 24 40 60 71 32 21 90 90 95 89 57 78 49 66 52 25 69 13 57 74 24 49 90 36 78 44 49 61 27 19 89 43 63 56 0 4
93 36 25 25 12 43 2 86 9 91 22 42 28 12 44 85 12 59 52 28 65 98 93 45 80 38 90 48 51 26 73 91 93 71 6 16 99 53 52 4 0
10
9 24 14 6 34 23 24 2 15 31
13 20 30 16 7 23 29 33 22 34
41
0 30 97 67 2 11 81 82 36 69 93 55 12 65 45 62 8 97 48 67 93 29 35 44 55 94 55 94 75 73 55 52 29 85 4 98 61 33 3 31 8
30 0 31 94 19 82 47 64 95 31 79 78 56 45 44 39 49 2 7 90 31 93 22 18 60 30 96 49 88 77 5 89 7 85 59 15 58 13 97 36 12
97 31 0 25 5 96 38 17 87 59 4 12 93 67 9 24 88 52 6 62 40 84 80 22 63 67 68 86 36 73 39 80 62 22 17 89 8 91 10 80 93
67 94 25 0 38 38 25 9 8 3 70 42 89 40 92 21 90 69 63 70 15 76 90 75 15 66 53 29 98 57 65 9 52 27 87 45 80 12 96 13 58
2 19 5 38 0 50 48 49 33 63 47 9 9 44 91 12 27 18 11 16 2 94 8 65 59 99 17 15 95 81 66 27 96 73 52 58 92 76 23 87 20
11 82 96 38 50 0 24 41 58 76 58 97 84 20 81 28 48 34 29 20 75 52 23 8 32 9 28 2 92 86 15 9 48 39 26 63 22 75 56 3 83
81 47 38 25 48 24 0 95 67 66 98 35 43 38 64 9 54 75 50 50 69 93 52 57 86 40 72 65 41 56 21 87 57 27 84 97 23 50 14 89 83
82 64 17 9 49 41 95 0 15 49 83 92 56 54 80 54 55 51 63 26 93 51 12 22 91 75 56 27 13 24 30 44 41 31 20 79 67 93 10 10 52
36 95 87 8 33 58 67 15 0 24 5 70 44 7 89 58 24 81 73 51 79 57 35 89 45 56 6 88 18 13 67 29 34 85 18 41 30 91 20 84 80
69 31 59 3 63 76 66 49 24 0 74 48 51 87 68 77 70 4 94 24 29 54 39 91 45 77 61 68 45 26 27 63 97 50 74 96 80 32 25 37 7
93 79 4 70 47 58 98 83 5 74 0 15 18 74 31 3 10 67 38 62 87 14 81 42 55 21 42 88 41 20 95 19 3 58 97 24 46 18 19 64 93
55 78 12 42 9 97 35 92 70 48 15 0 56 72 53 6 93 68 86 39 44 96 66 30 61 5 62 29 20 75 24 44 36 84 24 59 24 76 30 65 97
12 56 93 89 9 84 43 56 44 51 18 56 0 56 92 62 8 91 53 24 97 26 99 27 82 52 58 82 70 48 27 85 7 30 18 80 95 78 59 24 90
65 45 67 40 44 20 38 54 7 87 74 72 56 0 66 90 23 58 92 85 16 23 19 68 60 47 61 96 85 94 46 97 49 61 38 12 8 84 55 36 64
45 44 9 92 91 81 64 80 89 68 31 53 92 66 0 62 41 69 26 7 92 77 90 51 83 42 72 24 51 92 4 53 25 73 54 12 50 29 15 7 39
62 39 24 21 12 28 9 54 58 77 3 6 62 90 62 0 51 60 82 59 27 17 74 11 3 27 69 24 47 7 19 90 70 87 20 61 52 2 3 7 85
8 49 88 90 27 48 54 55 24 70 10 93 8 23 41 51 0 32 77 50 12 21 30 46 17 31 7 29 76 61 25 78 67 34 97 43 77 6 41 69 71
97 2 52 69 18 34 75 51 81 4 67 68 91 58 69 60 32 0 93 30 85 15 64 87 82 67 26 4 59 71 31 13 34 12 39 54 56 82 78 45 74
48 7 6 63 11 29 50 63 73 94 38 86 53 92 26 82 77 93 0 40 39 68 69 55 71 20 45 62 38 6 45 50 23 74 20 25 47 15 14 25 23
67 90 62 70 16 20 50 26 51 24 62 39 24 85 7 59 50 30 40 0 64 23 43 63 60 11 10 45 79 42 46 34 90 89 41 45 40 31 12 60 93
93 31 40 15 2 75 69 93 79 29 87 44 97 16 92 27 12 85 39 64 0 22 96 19 79 78 28 18 52 4 14 77 98 10 28 35 85 97 82 30 66
29 93 84 76 94 52 93 51 57 54 14 96 26 23 77 17 21 15 68 23 22 0 37 89 65 55 55 90 50 75 34 16 69 89 78 91 71 77 65 82 26
35 22 80 90 8 23 52 12 35 39 81 66 99 19 90 74 30 64 69 43 96 37 0 87 85 18 98 68 12 57 49 41 78 58 92 99 95 64 65 14 70
44 18 22 75 65 8 57 22 89 91 42 30 27 68 51 11 46 87 55 63 19 89 87 0 71 68 71 97 82 50 28 25 93 61 27 92 6 92 80 35 84
55 60 63 15 59 32 86 91 45 45 55 61 82 60 83 3 17 82 71 60 79 65 85 71 0 22 15 76 9 42 67 67 29 24 15 46 9 7 36 59 16
94 30 67 66 99 9 40 75 56 77 21 5 52 47 42 27 31 67 20 11 78 55 18 68 22 0 40 64 45 64 76 65 23 77 90 23 84 58 89 43 66
55 96 68 53 17 28 72 56 6 61 42 62 58 61 72 69 7 26 45 10 28 55 98 71 15 40 0 25 50 72 6 8 93 36 89 7 80 32 79 40 48
94 49 86 29 15 2 65 27 88 68 88 29 82 96 24 24 29 4 62 45 18 90 68 97 76 64 25 0 93 25 69 16 91 42 85 57 16 50 27 73 62
75 88 36 98 95 92 41 13 18 45 41 20 70 85 51 47 76 59 38 79 52 50 12 82 9 45 50 93 0 91 3 63 60 6 26 93 88 38 39 87 13
73 77 73 57 81 86 56 24 13 26 20 75 48 94 92 7 61 71 6 42 4 75 57 50 42 64 72 25 91 0 31 38 89 48 61 38 3 29 76 91 26
55 5 39 65 66 15 21 30 67 27 95 24 27 46 4 19 25 31 45 46 14 34 49 28 67 76 6 69 3 31 0 28 69 27 78 54 97 83 86 48 52
52 89 80 9 27 9 87 44 29 63 19 44 85 97 53 90 78 13 50 34 77 16 41 25 67 65 8 16 63 38 28 0 18 13 13 30 45 31 95 61 20
29 7 62 52 96 48 57 41 34 97 3 36 7 49 25 70 67 34 23 90 98 69 78 93 29 23 93 91 60 89 69 18 0 92 37 24 8 25 74 7 6
85 85 22 27 73 39 27 31 85 50 58 84 30 61 73 87 34 12 74 89 10 89 58 61 24 77 36 42 6 48 27 13 92 0 84 40 59 43 6 9 24
4 59 17 87 52 26 84 20 18 74 97 24 18 38 54 20 97 39 20 41 28 78 92 27 15 90 89 85 26 61 78 13 37 84 0 8 88 84 21 12 57
98 15 89 45 58 63 97 79 41 96 24 59 80 12 12 61 43 54 25 45 35 91 99 92 46 23 7 57 93 38 54 30 24 40 8 0 91 54 25 74 51
61 58 8 80 92 22 23 67 30 80 46 24 95 8 50 52 77 56 47 40 85 71 95 6 9 84 80 16 88 3 97 45 8 59 88 91 0 51 7 59 98
33 13 91 12 76 75 50 93 91 32 18 76 78 84 29 2 6 82 15 31 97 77 64 92 7 58 32 50 38 29 83 31 25 43 84 54 51 0 71 97 16
3 97 10 96 23 56 14 10 20 25 19 30 59 55 15 3 41 78 14 12 82 65 65 80 36 89 79 27 39 76 86 95 74 6 21 25 7 71 0 73 45
31 36 80 13 87 3 89 10 84 37 64 65 24 36 7 7 69 45 25 60 30 82 14 35 59 43 40 73 87 91 48 61 7 9 12 74 59 97 73 0 63
8 12 93 58 20 83 83 52 80 7 93 97 90 64 39 85 71 74 23 93 66 26 70 84 16 66 48 62 13 26 52 20 6 24 57 51 98 16 45 63 0
10
20 5 39 29 40 25 18 5 15 38
5 8 31 33 10 1 8 28 23 32
41
0 65 74 75 82 90 22 55 34 62 70 46 32 56 90 61 88 90 53 25 55 44 9 78 54 86 87 17 7 86 61 7 76 21 66 5 80 18 61 39 95
